version https://git-lfs.github.com/spec/v1
oid sha256:288baf021bfedd9f59894ab14cc3f74cd0d1959c3fb9af2679b0c69eba69c236
size 312
